88083149773
82110915766
65030644765
63030344784
75072223532
64101039439
65062464638
92031586583
01312641345
03280519125
45030873929
72030493923
81121313123
69100951719
00251291835
91010247491
78031391178
61081263256
02240454186
57060136361
73031146834
84010432673
71101377544
56082331769
49052942283
75021093757
71070589722
78032695332
99112424684
57041993789
66070143357
97021076398
78011371156
56020954247
65032562999
65062116368
45080454822
48020327497
79031494885
86072299467
92111045548
65052556718
77102013184
78101275568
86020269373
77040656948
79081979549
45110919178
02231598446
78020579471
88010899865
53032464199
00260373274
64093079893
79020367646
61011122945
66090378975
97123115977
65092243555
97123017644
84041348271
53072485664
57021571965
64112346829
50042155462
02271355823
86122185881
01260546743
75061158836
55011357447
58071866656
82063088742
83111393199
01282352175
62092842128
95050412479
50022887538
53012566936
46110323866
57071653697
47021846635
89011017494
75070517338
73110927677
73031252496
84091382814
50091942284
97112983941
68092313721
63081694852
68022346917
72120385996
66010392618
44070859988
53080484864
82020944328
87031733257
50060958588
74091927357
57072476318
83062075966
82061487291
98072434652
98010565785
45100746599
58030392974
79121276681
75121884747
44050796551
96092284156
01221276845
56120481692
79010324336
93050769256
59071129761
97072265576
65051334984
51090651313
56061534857
50080946998
77102459647
98081153832
79051142216
85103033955
82031382456
48041941957
57111117264
91080687764
55042687876
58111585121
03320571535
72123062252
50040625743
63063059613
63080871643
55011579647
87032095592
97050117514
95122966488
69052754787
51020532987
79121595755
92031779273
62031435385
82012887286
96041558653
57102724493
50042469132
63071013724
80042468183
83121144369
83022069888
96010634566
47061416984
86080343626
96052013286
94020416114
63052289647
71040532574
61122286329
83050191331
96071776326
68051599197
46091275457
67121664872
85071553211
02310396312
56012498832
91070449851
67070954293
58112347973
52010939124
87071892217
66112089728
53102864258
03301747632
65050339256
70050313517
62072417421
71060286321
89042194463
84071868213
83121897113
63071093827
69013118669
95092544721
69060261846
62012031946
57102913271
01221592398
64101819361
73120497988
90072326627
87102919243
55091722135
61022038664
97112953881
72050674917
82051883669
78072196691
